******************************
作成者：二葉知泰：183364
日付：2018年10月23日火曜日 2:18:38 JST
入力ファイル名１：A.txt
入力ファイル名２：B.txt
ファイルから行列を読み込み行列クラスの積計算
******************************
入力行列A, サイズ:(3,3)
|  0.408248  0.707107  1.000000 |
|  0.816497  0.000000  0.000000 |
|  0.408248 -0.707107  1.000000 |
入力行列B, サイズ:(3,5)
|  1.732050  0.000000  1.000000  0.000000  1.000000 |
|  0.000000  1.000000  1.000000  0.000000  2.570000 |
|  1.000000  0.000000  0.000000  1.000000 11.000000 |
出力の積行列 C=A×B, サイズ:(3,5)
|  1.707106  0.707107  1.115355  1.000000 13.225513 |
|  1.414214  0.000000  0.816497  0.000000  0.816497 |
|  1.707106 -0.707107 -0.298859  1.000000  9.590983 |

